[[ 1.1916991]]
[[ 0.87677399]]
[[ 0.69110944]]
[[ 0.65589256]]
[[ 0.53498683]]
[[ 0.5288214]]
[[ 0.54486898]]
[[ 0.53057959]]
[[ 0.51565461]]
[[ 0.48990539]]
[[ 0.4708609]]
[[ 0.44045769]]
[[ 0.4363371]]
[[ 0.4275904]]
[[ 0.42665167]]
[[ 0.41356582]]
[[ 0.39992785]]
[[ 0.3974899]]
[[ 0.37776676]]
[[ 0.36176565]]
[[ 0.3600997]]
[[ 0.34943992]]
[[ 0.33879796]]
[[ 0.32051285]]
[[ 0.32154094]]
[[ 0.31000828]]
[[ 0.29967798]]
[[ 0.29260632]]
[[ 0.28463148]]
[[ 0.27659213]]
[[ 0.27563531]]
[[ 0.27341733]]
[[ 1.12704937]]
[[ 0.84460855]]
[[ 0.70458425]]
[[ 0.68621308]]
[[ 0.58906677]]
[[ 0.52742577]]
[[ 0.54059246]]
[[ 0.5298166]]
[[ 0.51247042]]
[[ 0.50128591]]
[[ 0.47543798]]
[[ 0.43968148]]
[[ 0.44033074]]
[[ 0.4310754]]
[[ 0.43078562]]
[[ 0.41154068]]
[[ 0.40907706]]
[[ 0.4011451]]
[[ 0.39057022]]
[[ 0.37043969]]
[[ 0.35923486]]
[[ 0.3525277]]
[[ 0.34534238]]
[[ 0.34127749]]
[[ 0.32795051]]
[[ 0.32032317]]
[[ 0.30754642]]
[[ 0.30527392]]
[[ 0.29655879]]
[[ 0.28775677]]
[[ 0.28566906]]
[[ 0.27526593]]
[[ 1.16683793]]
[[ 0.87031651]]
[[ 0.76233095]]
[[ 0.66927671]]
[[ 0.61167705]]
[[ 0.5337894]]
[[ 0.54859778]]
[[ 0.53472469]]
[[ 0.51961315]]
[[ 0.50674623]]
[[ 0.49856952]]
[[ 0.45768112]]
[[ 0.44125739]]
[[ 0.43667918]]
[[ 0.42637705]]
[[ 0.42243751]]
[[ 0.41619319]]
[[ 0.40808813]]
[[ 0.40263867]]
[[ 0.39692234]]
[[ 0.37347884]]
[[ 0.36047136]]
[[ 0.35853776]]
[[ 0.34887954]]
[[ 0.34309004]]
[[ 0.32506652]]
[[ 0.31976038]]
[[ 0.30539726]]
[[ 0.30239161]]
[[ 0.29189607]]
[[ 0.28918427]]
[[ 0.27551506]]
[[ 1.11560771]]
[[ 0.88299274]]
[[ 0.68678574]]
[[ 0.67110505]]
[[ 0.5326074]]
[[ 0.5290455]]
[[ 0.54205095]]
[[ 0.53267004]]
[[ 0.51304395]]
[[ 0.50525211]]
[[ 0.475154]]
[[ 0.43820813]]
[[ 0.43669896]]
[[ 0.43183891]]
[[ 0.42833136]]
[[ 0.41505245]]
[[ 0.40194642]]
[[ 0.40171639]]
[[ 0.39421273]]
[[ 0.37237382]]
[[ 0.34840952]]
[[ 0.35691482]]
[[ 0.34559453]]
[[ 0.33683582]]
[[ 0.31506486]]
[[ 0.31949996]]
[[ 0.30954835]]
[[ 0.29744248]]
[[ 0.29166074]]
[[ 0.28745602]]
[[ 0.28142704]]
[[ 0.27431849]]
[[ 1.18753549]]
[[ 0.90331038]]
[[ 0.68165812]]
[[ 0.65030223]]
[[ 0.51807122]]
[[ 0.53015804]]
[[ 0.53944968]]
[[ 0.53019116]]
[[ 0.49650639]]
[[ 0.49005086]]
[[ 0.46723647]]
[[ 0.44297928]]
[[ 0.4261964]]
[[ 0.41714423]]
[[ 0.41496088]]
[[ 0.40638936]]
[[ 0.40175644]]
[[ 0.3960618]]
[[ 0.37379825]]
[[ 0.35566215]]
[[ 0.35955736]]
[[ 0.35237719]]
[[ 0.34268126]]
[[ 0.33244967]]
[[ 0.31573427]]
[[ 0.31636204]]
[[ 0.30455672]]
[[ 0.29810955]]
[[ 0.29003302]]
[[ 0.28074875]]
[[ 0.27686242]]
[[ 0.26799376]]
[[ 1.18822416]]
[[ 0.87707795]]
[[ 0.70934962]]
[[ 0.65525982]]
[[ 0.61186112]]
[[ 0.54015013]]
[[ 0.53818704]]
[[ 0.54695039]]
[[ 0.53365346]]
[[ 0.50984244]]
[[ 0.49835765]]
[[ 0.46225641]]
[[ 0.44466867]]
[[ 0.43965834]]
[[ 0.42883158]]
[[ 0.43073829]]
[[ 0.41592608]]
[[ 0.40916763]]
[[ 0.40553962]]
[[ 0.39409392]]
[[ 0.36881888]]
[[ 0.35983143]]
[[ 0.35760111]]
[[ 0.34606144]]
[[ 0.3383817]]
[[ 0.32148242]]
[[ 0.31925386]]
[[ 0.3080079]]
[[ 0.30210973]]
[[ 0.29852582]]
[[ 0.28935563]]
[[ 0.28710248]]
[[ 1.21553112]]
[[ 0.85650285]]
[[ 0.6871205]]
[[ 0.65018029]]
[[ 0.55394141]]
[[ 0.53135036]]
[[ 0.54578008]]
[[ 0.53762187]]
[[ 0.51676129]]
[[ 0.5044777]]
[[ 0.49676288]]
[[ 0.45487193]]
[[ 0.44266772]]
[[ 0.41776279]]
[[ 0.42845554]]
[[ 0.42285838]]
[[ 0.41798765]]
[[ 0.40829953]]
[[ 0.40255417]]
[[ 0.39041283]]
[[ 0.36727468]]
[[ 0.35952392]]
[[ 0.35854601]]
[[ 0.34439875]]
[[ 0.33036701]]
[[ 0.31349576]]
[[ 0.31635457]]
[[ 0.31007817]]
[[ 0.30610652]]
[[ 0.29623565]]
[[ 0.28779236]]
[[ 0.28396196]]
[[ 1.21615363]]
[[ 0.8349185]]
[[ 0.68902858]]
[[ 0.6315581]]
[[ 0.54356497]]
[[ 0.53964513]]
[[ 0.54862574]]
[[ 0.52912586]]
[[ 0.50841171]]
[[ 0.49595559]]
[[ 0.46395591]]
[[ 0.44597883]]
[[ 0.43727326]]
[[ 0.41196968]]
[[ 0.42891757]]
[[ 0.4178862]]
[[ 0.4115589]]
[[ 0.40274453]]
[[ 0.39951849]]
[[ 0.37329338]]
[[ 0.35854159]]
[[ 0.35868502]]
[[ 0.35189956]]
[[ 0.34370706]]
[[ 0.33236165]]
[[ 0.30654609]]
[[ 0.31542966]]
[[ 0.30817966]]
[[ 0.29677151]]
[[ 0.2918067]]
[[ 0.28493037]]
[[ 0.27237689]]
[[ 0.28221375]]
[[ 0.26876808]]
[[ 0.28002126]]
[[ 0.26653347]]
[[ 0.25514894]]
[[ 0.25334943]]
[[ 0.24510876]]
[[ 0.23602277]]
[[ 0.23281603]]
[[ 0.23120698]]
[[ 0.22686511]]
[[ 0.21995649]]
[[ 0.21585713]]
[[ 0.19908874]]
[[ 0.18800643]]
[[ 0.18193524]]
[[ 0.1815188]]
[[ 0.17643113]]
[[ 0.16401855]]
[[ 0.16657607]]
[[ 0.16783971]]
[[ 0.16420449]]
[[ 0.15978652]]
[[ 0.1506324]]
[[ 0.15132745]]
[[ 0.14945745]]
[[ 0.14925078]]
[[ 0.14397443]]
[[ 0.13773226]]
[[ 0.13382775]]
[[ 0.13401027]]
[[ 0.13300186]]
[[ 0.27712419]]
[[ 0.27164422]]
[[ 0.27123428]]
[[ 0.25771156]]
[[ 0.25145045]]
[[ 0.2464026]]
[[ 0.23496837]]
[[ 0.23255545]]
[[ 0.23013892]]
[[ 0.22846981]]
[[ 0.22296243]]
[[ 0.21656006]]
[[ 0.20042613]]
[[ 0.18835816]]
[[ 0.18151794]]
[[ 0.17791587]]
[[ 0.17563584]]
[[ 0.17012432]]
[[ 0.16657704]]
[[ 0.16773345]]
[[ 0.16035773]]
[[ 0.15449917]]
[[ 0.14504652]]
[[ 0.15147989]]
[[ 0.15084938]]
[[ 0.14942497]]
[[ 0.14304494]]
[[ 0.141903]]
[[ 0.13581436]]
[[ 0.13106204]]
[[ 0.13289324]]
[[ 0.13328837]]
[[ 0.27185958]]
[[ 0.27554146]]
[[ 0.27278008]]
[[ 0.2559357]]
[[ 0.25542189]]
[[ 0.24787665]]
[[ 0.23978577]]
[[ 0.22872228]]
[[ 0.23145766]]
[[ 0.22552127]]
[[ 0.22391687]]
[[ 0.21981615]]
[[ 0.20352113]]
[[ 0.18528088]]
[[ 0.18018064]]
[[ 0.18077937]]
[[ 0.17777823]]
[[ 0.16965649]]
[[ 0.16629234]]
[[ 0.16546733]]
[[ 0.1663266]]
[[ 0.15871572]]
[[ 0.15232571]]
[[ 0.14887803]]
[[ 0.15009509]]
[[ 0.14610676]]
[[ 0.14048558]]
[[ 0.13540769]]
[[ 0.13434299]]
[[ 0.13120119]]
[[ 0.13053368]]
[[ 0.12751627]]
[[ 0.27568626]]
[[ 0.27484551]]
[[ 0.25458815]]
[[ 0.25116665]]
[[ 0.24531977]]
[[ 0.23868724]]
[[ 0.23008702]]
[[ 0.23087622]]
[[ 0.22914825]]
[[ 0.21940443]]
[[ 0.20578014]]
[[ 0.19255105]]
[[ 0.18575743]]
[[ 0.17946055]]
[[ 0.17247364]]
[[ 0.17736797]]
[[ 0.17023572]]
[[ 0.16769345]]
[[ 0.16704457]]
[[ 0.16574887]]
[[ 0.15807503]]
[[ 0.15294378]]
[[ 0.14965028]]
[[ 0.14730645]]
[[ 0.14882299]]
[[ 0.1446306]]
[[ 0.13177528]]
[[ 0.13317346]]
[[ 0.13383712]]
[[ 0.13170245]]
[[ 0.12751442]]
[[ 0.12447137]]
[[ 0.27827047]]
[[ 0.27258277]]
[[ 0.25709643]]
[[ 0.25382685]]
[[ 0.2455591]]
[[ 0.23168645]]
[[ 0.23345645]]
[[ 0.22266441]]
[[ 0.22471405]]
[[ 0.22034986]]
[[ 0.2120076]]
[[ 0.19423275]]
[[ 0.18536785]]
[[ 0.18158013]]
[[ 0.17616011]]
[[ 0.17503308]]
[[ 0.16520563]]
[[ 0.16574391]]
[[ 0.16447681]]
[[ 0.15923356]]
[[ 0.14667081]]
[[ 0.14745393]]
[[ 0.14822806]]
[[ 0.14820481]]
[[ 0.14661563]]
[[ 0.13441102]]
[[ 0.13398936]]
[[ 0.13253577]]
[[ 0.13166066]]
[[ 0.13121148]]
[[ 0.12450626]]
[[ 0.12412449]]
[[ 0.27828509]]
[[ 0.26694842]]
[[ 0.25831217]]
[[ 0.24677617]]
[[ 0.24294531]]
[[ 0.23454237]]
[[ 0.23459843]]
[[ 0.22985746]]
[[ 0.2206046]]
[[ 0.21979468]]
[[ 0.20885517]]
[[ 0.18442476]]
[[ 0.18047568]]
[[ 0.17967179]]
[[ 0.17769143]]
[[ 0.15974568]]
[[ 0.16790567]]
[[ 0.1651312]]
[[ 0.16494071]]
[[ 0.15707737]]
[[ 0.14801018]]
[[ 0.15030058]]
[[ 0.14693299]]
[[ 0.14753724]]
[[ 0.13808486]]
[[ 0.13466943]]
[[ 0.13411671]]
[[ 0.13299183]]
[[ 0.13067485]]
[[ 0.1282981]]
[[ 0.12378584]]
[[ 0.12118565]]
[[ 0.26698211]]
[[ 0.25782948]]
[[ 0.24615781]]
[[ 0.24178629]]
[[ 0.23547163]]
[[ 0.23076811]]
[[ 0.22966808]]
[[ 0.22811076]]
[[ 0.22123996]]
[[ 0.21770562]]
[[ 0.20279104]]
[[ 0.19075094]]
[[ 0.18115302]]
[[ 0.18091811]]
[[ 0.17568898]]
[[ 0.17098081]]
[[ 0.16827924]]
[[ 0.1649269]]
[[ 0.16298088]]
[[ 0.15874969]]
[[ 0.15101443]]
[[ 0.14936507]]
[[ 0.14603659]]
[[ 0.14790684]]
[[ 0.14372256]]
[[ 0.13751813]]
[[ 0.13511181]]
[[ 0.13323095]]
[[ 0.13333707]]
[[ 0.13010736]]
[[ 0.12734839]]
[[ 0.11370409]]
[[ 0.25019983]]
[[ 0.25801099]]
[[ 0.25086214]]
[[ 0.24410258]]
[[ 0.23068681]]
[[ 0.23162827]]
[[ 0.22690022]]
[[ 0.22466249]]
[[ 0.22115671]]
[[ 0.20790403]]
[[ 0.19015644]]
[[ 0.18071937]]
[[ 0.17828704]]
[[ 0.17671848]]
[[ 0.1691129]]
[[ 0.16730062]]
[[ 0.16592121]]
[[ 0.16457441]]
[[ 0.15948917]]
[[ 0.14909516]]
[[ 0.14858269]]
[[ 0.15175093]]
[[ 0.14504094]]
[[ 0.14346041]]
[[ 0.13684341]]
[[ 0.13506761]]
[[ 0.13384751]]
[[ 0.13240207]]
[[ 0.12880704]]
[[ 0.12510719]]
[[ 0.12293893]]
[[ 0.11856426]]
[[ 0.12841586]]
[[ 0.12647162]]
[[ 0.12593314]]
[[ 0.12061358]]
[[ 0.12001655]]
[[ 0.11830866]]
[[ 0.11568732]]
[[ 0.10900395]]
[[ 0.10490122]]
[[ 0.10183587]]
[[ 0.09980523]]
[[ 0.09543202]]
[[ 0.08728295]]
[[ 0.08718888]]
[[ 0.08379218]]
[[ 0.08466465]]
[[ 0.08342036]]
[[ 0.08012742]]
[[ 0.07881754]]
[[ 0.07949498]]
[[ 0.07947812]]
[[ 0.07246859]]
[[ 0.08353925]]
[[ 0.07993397]]
[[ 0.0791386]]
[[ 0.07619803]]
[[ 0.07114519]]
[[ 0.06542734]]
[[ 0.06040771]]
[[ 0.0574076]]
[[ 0.05575275]]
[[ 0.05429673]]
[[ 0.12855911]]
[[ 0.12655635]]
[[ 0.12137653]]
[[ 0.12015537]]
[[ 0.1181356]]
[[ 0.11626536]]
[[ 0.10950655]]
[[ 0.10650436]]
[[ 0.10294173]]
[[ 0.09756973]]
[[ 0.09620311]]
[[ 0.08428516]]
[[ 0.08834816]]
[[ 0.087954]]
[[ 0.08182156]]
[[ 0.08425138]]
[[ 0.0845684]]
[[ 0.07982252]]
[[ 0.07688884]]
[[ 0.0762721]]
[[ 0.07967032]]
[[ 0.07596603]]
[[ 0.08303432]]
[[ 0.08005856]]
[[ 0.0790058]]
[[ 0.07426981]]
[[ 0.07115927]]
[[ 0.0675928]]
[[ 0.0614982]]
[[ 0.05790186]]
[[ 0.05301179]]
[[ 0.05342959]]
[[ 0.12655242]]
[[ 0.12143658]]
[[ 0.11939362]]
[[ 0.11766229]]
[[ 0.11564201]]
[[ 0.1117928]]
[[ 0.10638614]]
[[ 0.10272339]]
[[ 0.09874316]]
[[ 0.09607903]]
[[ 0.0917685]]
[[ 0.08707534]]
[[ 0.08726497]]
[[ 0.08689105]]
[[ 0.08346128]]
[[ 0.08273041]]
[[ 0.07983851]]
[[ 0.07800822]]
[[ 0.07829907]]
[[ 0.07900304]]
[[ 0.07693885]]
[[ 0.08385587]]
[[ 0.08079926]]
[[ 0.07872517]]
[[ 0.07327786]]
[[ 0.06664137]]
[[ 0.06859439]]
[[ 0.062669]]
[[ 0.05879891]]
[[ 0.05482808]]
[[ 0.05270655]]
[[ 0.05454419]]
[[ 0.12458295]]
[[ 0.12150994]]
[[ 0.11537627]]
[[ 0.11657485]]
[[ 0.11437075]]
[[ 0.10671743]]
[[ 0.10612056]]
[[ 0.10113577]]
[[ 0.09765613]]
[[ 0.08945046]]
[[ 0.08753847]]
[[ 0.08797229]]
[[ 0.08301484]]
[[ 0.0820841]]
[[ 0.08247398]]
[[ 0.07959661]]
[[ 0.07850888]]
[[ 0.07861187]]
[[ 0.07611466]]
[[ 0.07769576]]
[[ 0.08142288]]
[[ 0.07963709]]
[[ 0.07837519]]
[[ 0.06668579]]
[[ 0.07064115]]
[[ 0.06766294]]
[[ 0.06190669]]
[[ 0.06059707]]
[[ 0.05428402]]
[[ 0.05379792]]
[[ 0.05473855]]
[[ 0.05382322]]
[[ 0.12101903]]
[[ 0.11249643]]
[[ 0.11917352]]
[[ 0.11579009]]
[[ 0.10822624]]
[[ 0.100462]]
[[ 0.09717942]]
[[ 0.09851364]]
[[ 0.09270671]]
[[ 0.08814856]]
[[ 0.08799545]]
[[ 0.08562479]]
[[ 0.08353039]]
[[ 0.07996332]]
[[ 0.07856985]]
[[ 0.07758671]]
[[ 0.06781116]]
[[ 0.07589569]]
[[ 0.08306708]]
[[ 0.0806258]]
[[ 0.07683097]]
[[ 0.07455882]]
[[ 0.0718015]]
[[ 0.06853421]]
[[ 0.06240352]]
[[ 0.06068916]]
[[ 0.05668525]]
[[ 0.05253582]]
[[ 0.0543629]]
[[ 0.0534811]]
[[ 0.04739889]]
[[ 0.04831206]]
[[ 0.11739037]]
[[ 0.11834365]]
[[ 0.11228193]]
[[ 0.11137425]]
[[ 0.1074243]]
[[ 0.10500583]]
[[ 0.09981461]]
[[ 0.09795112]]
[[ 0.08990408]]
[[ 0.08668191]]
[[ 0.08807676]]
[[ 0.08595715]]
[[ 0.0825994]]
[[ 0.08079098]]
[[ 0.07949814]]
[[ 0.07889217]]
[[ 0.07716032]]
[[ 0.07814668]]
[[ 0.07759032]]
[[ 0.0823581]]
[[ 0.07884838]]
[[ 0.07745883]]
[[ 0.07066712]]
[[ 0.07012129]]
[[ 0.06514094]]
[[ 0.06081868]]
[[ 0.05823579]]
[[ 0.05638234]]
[[ 0.05299572]]
[[ 0.05416745]]
[[ 0.04947648]]
[[ 0.04962688]]
[[ 0.11977482]]
[[ 0.11554267]]
[[ 0.1156162]]
[[ 0.10898209]]
[[ 0.10502145]]
[[ 0.10089695]]
[[ 0.09935747]]
[[ 0.09399056]]
[[ 0.09022566]]
[[ 0.08828585]]
[[ 0.0865473]]
[[ 0.08549928]]
[[ 0.08066812]]
[[ 0.07978108]]
[[ 0.08010033]]
[[ 0.07844101]]
[[ 0.07854877]]
[[ 0.07702034]]
[[ 0.08162605]]
[[ 0.08143055]]
[[ 0.07968356]]
[[ 0.07748137]]
[[ 0.07308835]]
[[ 0.06917495]]
[[ 0.06742094]]
[[ 0.06328826]]
[[ 0.05983832]]
[[ 0.05449214]]
[[ 0.0499236]]
[[ 0.05403819]]
[[ 0.0521076]]
[[ 0.05061848]]
[[ 0.11929697]]
[[ 0.11615845]]
[[ 0.11205307]]
[[ 0.10739181]]
[[ 0.10505038]]
[[ 0.0992672]]
[[ 0.09540728]]
[[ 0.09135179]]
[[ 0.08636885]]
[[ 0.08725711]]
[[ 0.08713611]]
[[ 0.0839505]]
[[ 0.08422692]]
[[ 0.07732142]]
[[ 0.07944957]]
[[ 0.07722415]]
[[ 0.07862457]]
[[ 0.07727088]]
[[ 0.06962968]]
[[ 0.08199909]]
[[ 0.07798807]]
[[ 0.07731217]]
[[ 0.07272736]]
[[ 0.07019682]]
[[ 0.06674634]]
[[ 0.06105632]]
[[ 0.05686681]]
[[ 0.05664709]]
[[ 0.05382986]]
[[ 0.05422056]]
[[ 0.0525931]]
[[ 0.05097194]]
[[ 0.05521532]]
[[ 0.0529919]]
[[ 0.05205912]]
[[ 0.0508429]]
[[ 0.04851465]]
[[ 0.0492764]]
[[ 0.04460058]]
[[ 0.04187096]]
[[ 0.03950238]]
[[ 0.03771505]]
[[ 0.03429013]]
[[ 0.03152239]]
[[ 0.02398532]]
[[ 0.02846972]]
[[ 0.02872434]]
[[ 0.02670752]]
[[ 0.02531087]]
[[ 0.02076404]]
[[ 0.02290729]]
[[ 0.02070983]]
[[ 0.01789082]]
[[ 0.01641751]]
[[ 0.01402085]]
[[ 0.01135651]]
[[ 0.00892716]]
[[ 0.00659381]]
[[ 0.00437078]]
[[ 0.00213145]]
[[ 0.00324753]]
[[ 0.00872306]]
[[ 0.00789809]]
[[-0.00236894]]
[[ 0.05470019]]
[[ 0.05338196]]
[[ 0.05155369]]
[[ 0.04772456]]
[[ 0.04951233]]
[[ 0.04470937]]
[[ 0.04186212]]
[[ 0.04059953]]
[[ 0.03850223]]
[[ 0.03655241]]
[[ 0.03332649]]
[[ 0.03030135]]
[[ 0.02946315]]
[[ 0.0281711]]
[[ 0.02700819]]
[[ 0.02544008]]
[[ 0.02670452]]
[[ 0.02212078]]
[[ 0.02266166]]
[[ 0.01825985]]
[[ 0.0172108]]
[[ 0.01577888]]
[[ 0.01276959]]
[[ 0.01013525]]
[[ 0.00874676]]
[[ 0.00572012]]
[[ 0.00287718]]
[[ 0.00429985]]
[[ 0.00527673]]
[[ 0.01154041]]
[[ 0.00316704]]
[[ 0.00291]]
[[ 0.05415476]]
[[ 0.05096036]]
[[ 0.04794816]]
[[ 0.0495105]]
[[ 0.04731976]]
[[ 0.03623303]]
[[ 0.04089739]]
[[ 0.04008895]]
[[ 0.03733463]]
[[ 0.03004732]]
[[ 0.03030809]]
[[ 0.0287532]]
[[ 0.02872523]]
[[ 0.02819914]]
[[ 0.02628153]]
[[ 0.02343119]]
[[ 0.02416247]]
[[ 0.02258011]]
[[ 0.02036213]]
[[ 0.01842361]]
[[ 0.01687499]]
[[ 0.01440598]]
[[ 0.00986459]]
[[ 0.00279397]]
[[ 0.004792]]
[[ 0.00405145]]
[[ 0.00242334]]
[[ 0.00273903]]
[[-0.00702256]]
[[ 0.0102946]]
[[ 0.00429369]]
[[ 0.00256275]]
[[ 0.04967789]]
[[ 0.04890307]]
[[ 0.04920027]]
[[ 0.04668227]]
[[ 0.04003893]]
[[ 0.04109762]]
[[ 0.0402115]]
[[ 0.03715471]]
[[ 0.03310297]]
[[ 0.02916887]]
[[ 0.02862727]]
[[ 0.02809093]]
[[ 0.02689121]]
[[ 0.02607659]]
[[ 0.0245977]]
[[ 0.02369616]]
[[ 0.02185516]]
[[ 0.01896765]]
[[ 0.01598564]]
[[ 0.01487628]]
[[ 0.00949437]]
[[ 0.00855395]]
[[ 0.00664095]]
[[ 0.00223632]]
[[ 0.00024415]]
[[ 0.00462842]]
[[ 0.00837444]]
[[ 0.01049455]]
[[ 0.00368367]]
[[-0.00528816]]
[[ 0.00116534]]
[[ 0.0002901]]
[[ 0.0505608]]
[[ 0.04923637]]
[[ 0.0483278]]
[[ 0.04392797]]
[[ 0.04056749]]
[[ 0.03836434]]
[[ 0.03633154]]
[[ 0.03216104]]
[[ 0.02924043]]
[[ 0.02945678]]
[[ 0.02756767]]
[[ 0.02623465]]
[[ 0.02576532]]
[[ 0.02461683]]
[[ 0.02205987]]
[[ 0.01824758]]
[[ 0.01681244]]
[[ 0.01580467]]
[[ 0.01395008]]
[[ 0.00946246]]
[[ 0.00771603]]
[[ 0.00457094]]
[[ 0.00325327]]
[[ 0.0025846]]
[[-0.00193346]]
[[ 0.01096019]]
[[ 0.00557716]]
[[ 0.00224997]]
[[ 0.00220488]]
[[ 0.00119611]]
[[-0.00044017]]
[[-0.00136926]]
[[ 0.0448344]]
[[ 0.04845548]]
[[ 0.04422083]]
[[ 0.04134008]]
[[ 0.03945965]]
[[ 0.03657963]]
[[ 0.03369904]]
[[ 0.0319269]]
[[ 0.02790821]]
[[ 0.02958532]]
[[ 0.02854173]]
[[ 0.02610433]]
[[ 0.02564747]]
[[ 0.02195418]]
[[ 0.02288318]]
[[ 0.02042291]]
[[ 0.01870899]]
[[ 0.01754823]]
[[ 0.01546856]]
[[ 0.0067431]]
[[ 0.00986964]]
[[ 0.00673137]]
[[ 0.00370993]]
[[ 0.00331546]]
[[ 0.00358275]]
[[ 0.00840073]]
[[ 0.00810123]]
[[ 0.00342394]]
[[ 0.00102722]]
[[ 0.00169417]]
[[ 0.00014376]]
[[-0.00128389]]
[[ 0.04680979]]
[[ 0.04712344]]
[[ 0.04230883]]
[[ 0.04021201]]
[[ 0.03738978]]
[[ 0.03601732]]
[[ 0.03175309]]
[[ 0.02972825]]
[[ 0.02910649]]
[[ 0.02871184]]
[[ 0.02640793]]
[[ 0.02614226]]
[[ 0.0246504]]
[[ 0.02364833]]
[[ 0.02209898]]
[[ 0.01610035]]
[[ 0.01677666]]
[[ 0.01503118]]
[[ 0.00744443]]
[[ 0.00383809]]
[[ 0.00576847]]
[[ 0.00333949]]
[[ 0.0033794]]
[[ 0.00467478]]
[[ 0.01129248]]
[[ 0.00721402]]
[[ 0.0025134]]
[[ 0.0035899]]
[[ 0.00198111]]
[[-0.00061927]]
[[-0.00465287]]
[[-0.00102124]]
[[ 0.04883134]]
[[ 0.04486189]]
[[ 0.03806027]]
[[ 0.03976391]]
[[ 0.03854777]]
[[ 0.03232116]]
[[ 0.03184217]]
[[ 0.0292548]]
positive coef 990, negative coef 10time interval 8469